empId,in_time,out_time
3,1585805460,1585830660
3,1585891860,1585917060
3,1585978260,1586003460
3,1586064660,1586089860
3,1586151060,1586176260
3,1586237460,1586262660
3,1586323860,1586349060
3,1586410260,1586435460
3,1586496660,1586521860
3,1586583060,1586608260
3,1586669460,1586694660
3,1586755860,1586781060
3,1586842260,1586867460
3,1586928660,1586953860
3,1587015060,1587040260
3,1587101460,1587126660
3,1587187860,1587213060
3,1587274260,1587299460
3,1587360660,1587385860
3,1587447060,1587472260
3,1587533460,1587558660
3,1587619860,1587645060
3,1587706260,1587731460
3,1587792660,1587817860
3,1587879060,1587904260
3,1587965460,1587990660
3,1588051860,1588077060
3,1588138260,1588163460
3,1588224660,1588249860
3,1588311060,1588336260
